====================================
CS/COE 1501 Assignment Results Sheet
------------------------------------
Used gzip as standard compression for comparison. Each number is listed as number of bytes in the file. 

----------------------------------------------------------------------------------------------------------------+
File			|Uncompressed	|LZW		|Nothing Mode	|Reset Mode	|Monitor Mode	|gzip	|
------------------------+---------------+---------------+---------------+---------------+---------------+-------|
all.tar			|3,031,040	|1,846,854	|1,792,781	|1,178,221	|1,819,814	|969,077|
------------------------+---------------+---------------+---------------+---------------+---------------+-------|
assig2.doc		|87,040		|74,574		|40,040		|40,040		|40,040		|23,201	|
------------------------+---------------+---------------+---------------+---------------+---------------+-------|
bmps.tar		|1,105,920	|925,079	|80,913		|80,913		|80,913		|63,640	|
------------------------+---------------+---------------+---------------+---------------+---------------+-------|
code.txt		|72,351		|30,980		|24,545		|24,545		|24,545		|15,167	|
------------------------+---------------+---------------+---------------+---------------+---------------+-------|
code2.txt		|57,701		|24,138		|20,516		|20,516		|20,516		|13,470	|
------------------------+---------------+---------------+---------------+---------------+---------------+-------|
edit.exe		|236,328	|250,742	|156,409	|152,227	|156,409	|126,653|
------------------------+---------------+---------------+---------------+---------------+---------------+-------|
frosty.jpg		|126,748	|177,453	|163,789	|171,170	|163,789	|126,661|
------------------------+---------------+---------------+---------------+---------------+---------------+-------|
gone_fishing.bmp	|17,336		|9,278		|8,963		|8,963		|8,963		|8,654	|
------------------------+---------------+---------------+---------------+---------------+---------------+-------|
large.txt		|1,220,703	|605,184	|501,777	|527,506	|501,777	|493,028|
------------------------+---------------+---------------+---------------+---------------+---------------+-------|
Lego-big.gif		|93,371		|128,973	|122,493	|122,493	|122,493	|92,480	|
------------------------+---------------+---------------+---------------+---------------+---------------+-------|
medium.txt		|25,407		|13,197		|12,531		|12,531		|12,531		|10,806	|
------------------------+---------------+---------------+---------------+---------------+---------------+-------|
texts.tar		|1,382,400	|1,012,179	|597,847	|590,475	|597,847	|533,333|
------------------------+---------------+---------------+---------------+---------------+---------------+-------|
wacky.bmp		|921,654	|4,302		|3,951		|3,951		|3,951		|2,949	|
------------------------+---------------+---------------+---------------+---------------+---------------+-------|
winnt256.bmp		|157,044	|159,050	|62,931		|62,931		|62,931		|49,859	|
----------------------------------------------------------------------------------------------------------------+
